# Source: Guava r07 (838 classes)
# Network: documentation (class references)
# Nodes: 620
# Edges: 3088
# Author: Lovro Subelj
#
0
1
2
3
4
5
6
7
8
9
10
11
12
13
14
15
16
17
18
19
20
21
22
23
24
25
26
27
28
29
30
31
32
33
34
35
36
37
38
39
40
41
42
43
44
45
46
47
48
49
50
51
52
53
54
55
56
57
58
59
60
61
62
63
64
65
66
67
68
69
70
71
72
73
74
75
76
77
78
79
80
81
82
83
84
85
86
87
88
89
90
91
92
93
94
95
96
97
98
99
100
101
102
103
104
105
106
107
108
109
110
111
112
113
114
115
116
117
118
119
120
121
122
123
124
125
126
127
128
129
130
131
132
133
134
135
136
137
138
139
140
141
142
143
144
145
146
147
148
149
150
151
152
153
154
155
156
157
158
159
160
161
162
163
164
165
166
167
168
169
170
171
172
173
174
175
176
177
178
179
180
181
182
183
184
185
186
187
188
189
190
191
192
193
194
195
196
197
198
199
200
201
202
203
204
205
206
207
208
209
210
211
212
213
214
215
216
217
218
219
220
221
222
223
224
225
226
227
228
229
230
231
232
233
234
235
236
237
238
239
240
241
242
243
244
245
246
247
248
249
250
251
252
253
254
255
256
257
258
259
260
261
262
263
264
265
266
267
268
269
270
271
272
273
274
275
276
277
278
279
280
281
282
283
284
285
286
287
288
289
290
291
292
293
294
295
296
297
298
299
300
301
302
303
304
305
306
307
308
309
310
311
312
313
314
315
316
317
318
319
320
321
322
323
324
325
326
327
328
329
330
331
332
333
334
335
336
337
338
339
340
341
342
343
344
345
346
347
348
349
350
351
352
353
354
355
356
357
358
359
360
361
362
363
364
365
366
367
368
369
370
371
372
373
374
375
376
377
378
379
380
381
382
383
384
385
386
387
388
389
390
391
392
393
394
395
396
397
398
399
400
401
402
403
404
405
406
407
408
409
410
411
412
413
414
415
416
417
418
419
420
421
422
423
424
425
426
427
428
429
430
431
432
433
434
435
436
437
438
439
440
441
442
443
444
445
446
447
448
449
450
451
452
453
454
455
456
457
458
459
460
461
462
463
464
465
466
467
468
469
470
471
472
473
474
475
476
477
478
479
480
481
482
483
484
485
486
487
488
489
490
491
492
493
494
495
496
497
498
499
500
501
502
503
504
505
506
507
508
509
510
511
512
513
514
515
516
517
518
519
520
521
522
523
524
525
526
527
528
529
530
531
532
533
534
535
536
537
538
539
540
541
542
543
544
545
546
547
548
549
550
551
552
553
554
555
556
557
558
559
560
561
562
563
564
565
566
567
568
569
570
571
572
573
574
575
576
577
578
579
580
581
582
583
584
585
586
587
588
589
590
591
592
593
594
595
596
597
598
599
600
601
602
603
604
605
606
607
608
609
610
611
612
613
614
615
616
617
618
619
620
621
622
623
624
625
626
627
628
629
630
631
632
633
634
635
636
637
638
639
640
641
642
643
644
645
646
647
648
649
650
651
652
653
654
655
656
657
658
659
660
661
662
663
664
665
666
667
668
669
670
671
672
673
674
675
676
677
678
679
680
681
682
683
684
685
686
687
688
689
690
691
692
693
694
695
696
697
698
699
700
701
702
703
704
705
706
707
708
709
710
711
712
713
714
715
716
717
718
719
720
721
722
723
724
725
726
727
728
729
730
731
732
733
734
735
736
737
738
739
740
741
742
743
744
745
746
747
748
749
750
751
752
753
754
755
756
757
758
759
760
761
762
763
764
765
766
767
768
769
770
771
772
773
774
775
776
777
778
779
780
781
782
783
784
785
786
787
788
789
790
791
792
793
794
795
796
797
798
799
800
801
802
803
804
805
806
807
808
809
810
811
812
813
814
815
816
817
818
819
820
821
822
823
824
825
826
827
828
829
830
831
832
833
834
835
836
837
7 65
7 65
8 7
8 7
8 7
8 7
8 7
8 7
8 7
8 7
8 7
8 7
8 7
8 7
8 7
8 7
8 7
8 7
8 7
8 7
8 7
8 7
8 7
8 7
8 7
8 7
8 7
8 7
8 7
8 65
8 7
9 7
9 7
9 7
9 7
9 7
9 7
9 7
9 7
9 7
9 7
9 7
9 7
9 7
9 7
9 7
9 7
9 7
9 7
9 7
9 7
9 7
9 7
9 7
9 7
9 7
9 7
9 7
9 7
9 65
10 7
10 7
10 7
10 7
10 7
10 7
10 7
10 7
10 7
10 7
10 7
10 7
10 7
10 7
10 7
10 7
10 7
10 7
10 7
10 7
10 7
10 7
10 7
10 7
10 7
10 7
10 7
10 65
10 7
11 7
11 7
11 7
11 7
11 7
11 7
11 7
11 7
11 7
11 7
11 7
11 7
11 7
11 7
11 7
11 7
11 7
11 7
11 7
11 7
11 7
11 7
11 7
11 7
11 7
11 7
11 7
11 7
11 65
12 7
12 7
12 7
12 7
12 7
12 7
12 7
12 7
12 7
12 7
12 7
12 7
12 7
12 7
12 7
12 7
12 7
12 7
12 7
12 7
12 7
12 7
12 7
12 7
12 7
12 7
12 7
12 65
12 7
13 7
13 7
13 7
13 7
13 7
13 7
13 7
13 7
13 7
13 7
13 7
13 7
13 7
13 7
13 7
13 7
13 7
13 7
13 7
13 7
13 7
13 7
13 7
13 7
13 7
13 7
13 7
13 65
13 7
14 7
14 7
14 7
14 7
14 7
14 7
14 7
14 7
14 7
14 7
14 7
14 7
14 7
14 7
14 7
14 7
14 7
14 7
14 7
14 7
14 7
14 7
14 7
14 7
14 7
14 7
14 7
14 7
14 65
15 7
15 7
15 7
15 7
15 7
15 7
15 7
15 7
15 7
15 7
15 7
15 7
15 7
15 7
15 7
15 7
15 7
15 7
15 7
15 7
15 7
15 7
15 7
15 7
15 7
15 7
15 7
15 65
15 7
16 7
16 7
16 7
16 7
16 7
16 7
16 7
16 7
16 7
16 7
16 7
16 7
16 7
16 7
16 7
16 7
16 7
16 7
16 7
16 7
16 7
16 7
16 7
16 7
16 7
16 7
16 7
16 65
16 7
17 7
17 7
17 7
17 7
17 7
17 7
17 7
17 7
17 7
17 7
17 7
17 7
17 7
17 7
17 7
17 7
17 7
17 7
17 7
17 7
17 7
17 7
17 7
17 7
17 7
17 7
17 7
17 65
17 7
18 7
18 7
18 7
18 7
18 7
18 7
18 7
18 7
18 7
18 7
18 7
18 7
18 7
18 7
18 7
18 7
18 7
18 7
18 7
18 7
18 7
18 7
18 7
18 7
18 7
18 7
18 7
18 65
18 7
19 7
19 7
19 7
19 7
19 7
19 7
19 7
19 7
19 7
19 7
19 7
19 7
19 7
19 7
19 7
19 7
19 7
19 7
19 7
19 7
19 7
19 7
19 7
19 7
19 7
19 7
19 7
19 7
19 65
20 7
20 7
20 7
20 7
20 7
20 7
20 7
20 7
20 7
20 7
20 7
20 7
20 7
20 7
20 7
20 7
20 7
20 7
20 7
20 7
20 7
20 7
20 7
20 7
20 7
20 7
20 7
20 7
20 65
21 7
21 7
21 7
21 7
21 7
21 7
21 7
21 7
21 7
21 7
21 7
21 7
21 7
21 7
21 7
21 7
21 7
21 7
21 7
21 7
21 7
21 7
21 7
21 7
21 7
21 7
21 7
21 7
21 65
22 7
22 7
22 7
22 7
22 7
22 7
22 7
22 7
22 7
22 7
22 7
22 7
22 7
22 7
22 7
22 7
22 7
22 7
22 7
22 7
22 7
22 7
22 7
22 7
22 7
22 7
22 7
22 65
22 7
23 7
23 7
23 7
23 7
23 7
23 7
23 7
23 7
23 7
23 7
23 7
23 7
23 7
23 7
23 7
23 7
23 7
23 7
23 7
23 7
23 7
23 7
23 7
23 7
23 7
23 7
23 7
23 65
23 7
25 7
25 7
25 7
25 7
25 7
25 7
25 7
25 7
25 7
25 7
25 7
25 7
25 7
25 7
25 7
25 7
25 7
25 7
25 7
25 7
25 7
25 7
25 7
25 7
25 7
25 7
25 7
25 65
25 7
29 28
29 28
29 28
31 28
32 31
32 31
32 31
32 31
32 31
33 31
33 31
33 31
33 31
33 31
34 31
34 31
34 31
34 31
34 31
35 36
38 40
39 40
41 40
42 36
43 36
45 44
45 44
45 44
45 44
45 65
45 44
45 44
45 44
45 44
45 44
47 44
48 44
49 44
49 44
49 44
50 44
51 44
52 44
53 44
54 58
55 54
55 54
55 54
55 54
55 54
55 58
56 54
56 54
56 58
56 54
56 54
56 54
59 61
59 61
59 61
66 65
66 65
66 65
66 65
66 65
66 65
66 65
66 65
66 65
66 65
66 65
66 65
66 65
66 65
66 65
66 65
66 44
66 65
66 65
66 65
66 65
66 65
66 65
66 65
68 65
69 65
70 65
71 65
72 65
73 65
74 65
75 65
76 75
76 75
76 75
76 75
76 75
76 75
77 75
77 75
77 75
77 75
77 75
77 75
78 75
78 75
78 75
78 75
78 75
78 75
79 75
79 75
79 75
79 75
79 75
79 75
80 65
81 82
81 82
81 82
83 7
83 7
84 97
84 96
84 83
84 83
85 96
86 97
86 96
86 83
86 83
87 96
88 97
88 96
88 83
88 83
89 96
90 97
90 96
90 83
90 83
91 96
96 94
97 83
100 99
100 44
100 99
100 99
100 99
100 99
100 99
100 99
100 99
100 99
101 99
102 99
103 99
104 99
105 99
111 281
111 166
111 166
113 287
115 282
116 111
116 166
117 287
119 287
121 703
122 702
125 135
125 441
125 519
125 553
126 161
129 554
130 560
131 287
135 519
135 519
135 553
142 140
145 560
145 135
146 554
148 161
150 157
151 137
152 143
157 155
158 156
158 157
159 155
160 155
161 553
162 135
162 599
162 519
162 553
163 162
163 627
163 519
163 553
164 125
164 519
164 553
164 519
165 180
167 576
167 576
167 576
167 576
167 576
167 576
167 576
167 576
167 576
167 576
167 576
167 576
167 576
167 44
167 576
167 576
167 576
167 325
169 44
169 65
170 44
172 65
173 65
175 576
175 576
175 576
175 576
175 576
175 576
175 576
175 576
175 576
175 576
175 576
175 576
175 576
175 44
175 576
175 576
175 576
175 325
177 176
177 176
177 176
177 176
177 176
177 176
177 176
177 176
177 176
178 176
178 176
178 176
178 176
178 176
178 176
178 176
178 176
178 176
179 576
179 576
179 576
179 576
179 576
179 576
179 576
179 576
179 576
179 576
179 576
179 576
179 576
179 44
179 576
179 576
179 576
179 325
181 201
181 486
181 229
181 230
181 229
182 249
182 249
182 229
183 204
184 249
184 249
184 229
185 249
185 249
185 229
186 161
186 293
187 287
189 554
192 191
192 191
192 191
192 191
192 191
192 553
192 553
192 191
193 275
193 191
194 278
195 279
195 191
196 284
196 553
196 191
197 194
198 287
198 191
199 290
200 191
202 249
202 249
202 229
204 276
206 205
206 205
206 205
206 205
206 205
206 205
206 205
206 205
206 205
206 205
206 205
206 205
206 205
206 205
207 205
207 205
207 205
207 205
207 205
207 205
207 205
207 205
207 205
207 205
207 205
207 205
207 205
207 205
208 205
208 205
208 205
208 205
208 205
208 205
208 205
208 205
208 205
208 205
208 205
208 205
208 205
208 205
209 205
209 205
209 205
209 205
209 205
209 205
209 205
209 205
209 205
209 205
209 205
209 205
209 205
209 205
210 205
210 205
210 205
210 205
210 205
210 205
210 205
210 205
210 205
210 205
210 205
210 205
210 205
210 205
211 205
211 205
211 205
211 205
211 205
211 205
211 205
211 205
211 205
211 205
211 205
211 205
211 205
211 205
212 205
212 205
212 205
212 205
212 205
212 205
212 205
212 205
212 205
212 205
212 205
212 205
212 205
212 205
213 205
213 205
213 205
213 205
213 205
213 205
213 205
213 205
213 205
213 205
213 205
213 205
213 205
213 205
214 205
214 205
214 205
214 205
214 205
214 205
214 205
214 205
214 205
214 205
214 205
214 205
214 205
214 205
215 205
215 205
215 205
215 205
215 205
215 205
215 205
215 205
215 205
215 205
215 205
215 205
215 205
215 205
216 205
216 205
216 205
216 205
216 205
216 205
216 205
216 205
216 205
216 205
216 205
216 205
216 205
216 205
217 205
217 205
217 205
217 205
217 205
217 205
217 205
217 205
217 205
217 205
217 205
217 205
217 205
217 205
218 222
223 222
225 220
225 220
225 220
225 220
225 220
226 221
226 221
226 221
226 221
226 221
227 484
229 249
229 249
230 229
231 220
231 220
231 220
231 220
231 220
232 221
232 221
232 221
232 221
232 221
233 204
234 42
234 229
234 249
234 249
234 229
235 234
235 220
235 220
235 220
235 220
235 220
235 249
235 249
235 229
236 234
236 221
236 221
236 221
236 221
236 221
236 249
236 249
236 229
237 234
237 221
237 220
237 221
237 221
237 220
237 220
237 220
237 220
237 221
237 221
237 249
237 249
237 229
238 42
238 249
238 249
238 229
240 239
240 239
240 239
240 239
240 239
241 239
241 239
241 239
241 239
241 239
242 239
242 239
242 239
242 239
242 239
243 229
243 249
243 249
243 229
244 243
244 220
244 220
244 220
244 220
244 220
244 249
244 249
244 229
245 243
245 221
245 221
245 221
245 221
245 221
245 249
245 249
245 229
246 243
246 221
246 220
246 221
246 221
246 220
246 220
246 220
246 220
246 221
246 221
246 249
246 249
246 229
247 249
247 249
247 229
248 222
249 229
251 43
251 229
251 249
251 249
251 229
252 251
252 220
252 220
252 220
252 220
252 220
252 249
252 249
252 229
253 251
253 221
253 221
253 221
253 221
253 221
253 249
253 249
253 229
254 251
254 221
254 220
254 221
254 221
254 220
254 220
254 220
254 220
254 221
254 221
254 249
254 249
254 229
255 43
255 249
255 249
255 229
256 134
257 325
257 702
257 703
257 703
257 325
257 325
257 325
257 325
257 325
257 325
257 325
257 326
257 325
257 325
257 325
257 325
257 325
257 325
257 325
257 325
257 325
257 325
257 325
257 325
257 325
257 325
258 703
259 330
259 316
259 325
259 330
259 519
259 316
259 325
259 331
259 325
259 316
259 330
259 330
259 330
259 330
259 330
259 330
259 316
259 335
259 519
259 519
259 343
259 553
259 349
259 316
259 336
259 332
259 335
259 335
259 335
259 335
259 335
259 335
260 332
260 316
260 349
260 349
260 332
260 333
260 332
260 332
260 332
260 332
260 332
260 332
261 343
261 343
261 343
261 343
261 702
261 345
261 343
261 343
261 343
261 343
261 343
261 343
261 343
261 343
261 325
262 349
262 702
262 349
262 349
262 349
262 349
262 351
262 349
262 349
262 349
262 349
262 349
262 349
262 349
262 349
262 325
263 355
263 316
263 349
263 355
263 519
263 316
263 349
263 349
263 316
263 356
263 316
263 349
263 355
263 355
263 355
263 355
263 355
263 355
263 316
263 335
263 519
263 519
263 343
263 553
263 349
263 336
263 332
263 335
263 335
263 335
263 335
263 335
263 335
264 371
264 702
264 371
264 371
264 371
264 371
264 371
264 371
264 371
264 372
264 371
264 371
264 371
264 371
264 371
264 371
264 371
264 371
264 371
264 371
264 371
264 372
264 371
264 371
264 371
264 372
264 371
264 372
264 371
264 371
264 371
264 371
264 371
264 371
264 371
264 349
264 349
264 349
264 349
264 351
264 349
264 349
264 349
264 349
264 349
264 349
264 349
264 349
264 325
265 111
265 166
266 111
266 166
267 126
268 484
268 484
269 484
272 371
272 702
272 371
272 371
272 371
272 371
272 371
272 371
272 371
272 372
272 371
272 371
272 371
272 371
272 371
272 371
272 371
272 371
272 371
272 371
272 371
272 372
272 371
272 371
272 371
272 372
272 371
272 372
272 371
272 371
272 371
272 371
272 371
272 371
272 371
272 349
272 349
272 349
272 349
272 351
272 349
272 349
272 349
272 349
272 349
272 349
272 349
272 349
272 325
274 576
274 576
274 576
274 576
274 576
274 576
274 576
274 576
274 576
274 576
274 576
274 576
274 576
274 44
274 576
274 576
274 576
274 325
275 285
276 281
277 285
278 275
279 277
280 283
280 441
280 519
280 553
281 285
282 285
283 285
283 519
283 519
283 553
284 275
284 553
286 275
287 275
288 283
288 599
288 519
288 553
289 281
290 287
291 288
291 627
291 519
291 553
292 285
292 686
292 686
293 44
295 301
295 686
295 301
295 301
295 686
295 301
296 330
296 316
296 325
296 330
296 519
296 316
296 325
296 331
296 325
296 316
296 330
296 330
296 330
296 330
296 330
296 330
296 316
296 335
296 519
296 519
296 343
296 553
296 349
296 316
296 336
296 332
296 335
296 335
296 335
296 335
296 335
296 335
297 343
297 343
297 343
297 343
297 702
297 345
297 343
297 343
297 343
297 343
297 343
297 343
297 343
297 343
297 325
298 355
298 316
298 349
298 355
298 519
298 316
298 349
298 349
298 316
298 356
298 316
298 349
298 355
298 355
298 355
298 355
298 355
298 355
298 316
298 335
298 519
298 519
298 343
298 553
298 349
298 336
298 332
298 335
298 335
298 335
298 335
298 335
298 335
299 697
299 686
299 697
299 697
299 697
299 697
300 699
300 519
300 553
300 699
300 699
300 699
300 519
301 632
301 686
301 686
302 99
303 111
303 166
304 162
304 519
304 553
304 519
305 126
307 584
307 702
307 703
307 325
307 325
307 325
307 325
307 325
307 325
307 703
307 325
307 326
307 325
307 325
307 325
307 325
307 325
307 325
307 325
307 325
307 325
307 325
307 325
307 325
307 325
307 325
309 332
309 166
309 349
309 316
309 349
309 349
309 310
309 166
309 332
309 333
309 332
309 332
309 332
309 332
309 332
309 332
310 333
310 333
310 333
310 309
310 332
311 309
311 316
311 166
311 309
311 349
311 309
311 349
311 349
311 310
311 309
311 309
311 309
311 309
311 309
311 309
311 332
311 333
311 332
311 332
311 332
311 332
311 332
311 332
312 334
313 281
313 168
313 315
315 313
316 702
316 325
318 316
318 702
318 325
319 316
320 316
320 702
320 325
322 134
323 349
323 702
323 349
323 349
323 349
323 349
323 351
323 349
323 349
323 349
323 349
323 349
323 349
323 349
323 349
323 325
325 316
325 702
325 703
325 703
325 326
326 319
326 319
326 319
326 319
326 319
326 325
326 316
327 325
327 325
327 703
327 325
327 325
327 325
327 325
327 325
327 702
327 703
327 325
327 326
327 325
327 325
327 325
327 325
327 325
327 325
327 325
327 325
327 325
327 325
327 325
327 325
327 325
327 325
328 703
330 335
330 441
330 316
330 325
330 519
330 316
330 325
330 331
330 325
330 316
330 316
330 335
330 519
330 519
330 343
330 553
330 349
330 316
330 336
330 332
330 335
330 335
330 335
330 335
330 335
330 335
331 336
331 336
331 519
331 336
331 336
331 519
331 336
331 330
331 335
332 316
332 349
332 349
332 333
333 332
335 519
335 316
335 316
335 519
335 519
335 343
335 553
335 349
335 316
335 316
335 336
335 316
335 332
336 519
336 335
337 135
337 519
337 553
338 316
338 702
338 325
339 702
341 316
341 702
341 325
342 702
343 316
343 553
343 702
343 345
343 325
344 702
345 319
345 319
345 319
345 319
345 319
345 343
345 316
346 349
346 343
346 702
346 349
346 349
346 349
346 349
346 351
346 349
346 349
346 349
346 349
346 349
346 349
346 349
346 349
346 325
347 702
347 554
349 316
349 702
349 351
349 325
350 349
350 702
350 349
350 349
350 349
350 349
350 351
350 349
350 349
350 349
350 349
350 349
350 349
350 349
350 349
350 325
351 319
351 319
351 319
351 319
351 319
351 349
351 316
353 349
353 702
353 349
353 349
353 349
353 349
353 351
353 349
353 349
353 349
353 349
353 349
353 349
353 349
353 349
353 325
354 122
355 335
355 599
355 316
355 349
355 519
355 316
355 349
355 349
355 316
355 356
355 316
355 349
355 316
355 335
355 519
355 519
355 343
355 553
355 349
355 336
355 332
355 335
355 335
355 335
355 335
355 335
355 335
356 336
356 336
356 519
356 336
356 336
356 519
356 336
356 355
356 335
357 135
357 519
357 553
358 325
358 702
358 703
358 703
358 325
358 325
358 325
358 325
358 325
358 325
358 325
358 326
358 325
358 325
358 325
358 325
358 325
358 325
358 325
358 325
358 325
358 325
358 325
358 325
358 325
358 325
359 370
359 316
359 349
359 371
359 349
359 364
359 364
359 364
359 364
359 332
359 333
359 332
359 332
359 332
359 332
359 332
359 332
361 44
362 694
362 703
362 325
362 325
362 325
362 325
362 325
362 702
362 325
362 703
362 325
362 326
362 325
362 325
362 325
362 325
362 325
362 325
362 325
362 325
362 325
362 325
362 325
362 325
362 325
362 325
363 702
364 333
364 333
364 333
364 359
364 332
365 349
365 702
365 349
365 349
365 349
365 349
365 351
365 349
365 349
365 349
365 349
365 349
365 349
365 349
365 349
365 325
367 334
368 316
368 702
368 325
370 332
370 364
370 359
370 359
370 359
370 359
370 359
370 316
370 332
370 349
370 349
370 333
370 332
370 332
370 332
370 332
370 332
370 332
371 374
371 372
371 372
371 372
371 372
371 349
371 349
371 349
371 349
371 702
371 351
371 349
371 349
371 349
371 349
371 349
371 349
371 349
371 349
371 325
372 351
372 319
372 351
372 351
372 319
372 319
372 351
372 351
372 319
372 349
372 316
372 371
374 349
374 371
374 372
374 371
374 371
374 371
374 371
374 371
374 371
374 371
374 349
374 349
374 349
374 349
374 702
374 351
374 349
374 349
374 349
374 349
374 349
374 349
374 349
374 349
374 325
376 375
376 375
377 375
378 375
380 43
381 65
381 44
381 65
381 65
381 65
381 65
381 65
381 65
383 396
384 396
386 396
389 396
390 702
391 396
392 396
393 396
394 396
395 396
397 65
397 44
397 65
397 65
397 702
397 65
397 702
397 702
397 65
397 702
397 65
397 65
397 702
397 702
397 702
397 702
397 702
397 581
398 702
399 702
400 702
401 702
402 702
403 702
406 702
409 702
410 122
413 581
414 576
414 576
414 576
414 576
414 576
414 576
414 576
414 576
414 576
414 576
414 576
414 576
414 576
414 44
414 576
414 576
414 576
414 325
415 162
415 519
415 553
415 519
417 287
419 126
420 441
420 519
420 553
420 519
427 134
431 134
433 553
436 554
437 560
439 438
440 420
441 519
441 519
441 553
442 44
442 325
443 449
444 445
449 445
450 448
451 452
454 325
454 703
454 325
454 325
454 325
454 325
454 325
454 702
454 325
454 703
454 325
454 326
454 325
454 325
454 325
454 325
454 325
454 325
454 325
454 325
454 325
454 325
454 325
454 325
454 325
454 325
455 121
461 460
461 460
461 519
461 519
461 460
461 441
461 441
461 460
461 599
461 599
461 460
461 627
461 627
461 460
461 166
461 166
461 460
462 282
463 282
464 191
465 287
466 277
467 275
469 474
469 166
469 166
470 275
471 277
472 470
473 475
473 441
473 519
473 553
474 281
475 283
475 519
475 460
475 519
475 553
476 281
477 191
478 475
478 599
478 519
478 553
479 478
479 627
479 519
479 553
480 460
480 460
481 460
485 293
485 293
485 293
485 484
485 293
485 293
485 293
485 293
485 293
485 293
485 44
486 44
487 276
488 482
488 44
488 65
488 65
488 166
488 166
488 332
488 44
488 332
488 166
488 166
488 498
488 65
489 134
490 498
491 65
492 65
495 702
496 506
499 493
500 287
501 702
502 282
504 702
505 493
507 287
508 275
509 482
513 134
514 281
514 166
514 166
515 275
516 277
517 515
518 483
519 553
520 330
520 44
520 599
520 519
520 519
520 44
520 441
520 441
520 44
520 441
520 441
520 498
520 519
520 519
520 498
520 519
520 99
520 441
520 99
520 599
520 99
520 627
520 99
520 519
520 519
520 519
520 519
520 519
520 519
520 519
520 599
520 599
520 599
520 599
520 627
520 627
520 627
520 627
520 441
520 441
520 441
520 441
521 134
522 498
523 498
524 125
524 519
524 553
525 135
525 519
525 553
526 162
526 519
526 553
527 163
527 519
527 553
528 599
528 519
528 553
531 506
534 134
535 537
535 441
535 519
535 553
536 44
537 519
537 519
537 553
538 44
539 498
540 44
541 174
542 44
543 134
544 287
545 277
546 275
548 549
548 441
548 441
548 519
548 519
548 553
549 283
549 519
549 553
550 281
551 549
551 599
551 599
551 519
551 519
551 553
552 551
552 627
552 599
552 519
552 627
552 519
552 553
555 553
555 553
555 553
555 554
555 553
555 553
556 560
557 161
559 122
560 554
564 275
564 553
565 287
567 554
568 284
569 474
569 168
570 460
571 576
571 576
571 576
571 576
571 576
571 576
571 576
571 576
571 576
571 576
571 576
571 576
571 576
571 44
571 576
571 576
571 576
571 325
573 576
573 576
573 576
573 576
573 576
573 576
573 576
573 576
573 576
573 576
573 576
573 576
573 576
573 576
573 576
573 44
573 576
573 325
574 576
574 576
574 576
574 576
574 576
574 576
574 576
574 576
574 576
574 576
574 576
574 576
574 576
574 576
574 576
574 44
574 576
574 325
576 44
576 325
577 576
577 576
577 576
577 576
577 576
577 576
577 576
577 576
577 576
577 576
577 576
577 576
577 576
577 44
577 576
577 576
577 576
577 325
578 44
583 309
583 309
583 166
583 349
583 316
583 309
583 349
583 349
583 310
583 309
583 309
583 309
583 309
583 309
583 309
583 332
583 333
583 332
583 332
583 332
583 332
583 332
583 332
584 325
584 702
584 703
584 325
584 325
584 325
584 325
584 325
584 325
584 703
584 325
584 326
584 325
584 325
584 325
584 325
584 325
584 325
584 325
584 325
584 325
584 325
584 325
584 325
584 325
584 325
585 121
586 332
586 316
586 349
586 349
586 332
586 333
586 332
586 332
586 332
586 332
586 332
586 332
587 350
587 702
587 349
587 349
587 349
587 349
587 351
587 349
587 349
587 349
587 349
587 349
587 349
587 349
587 349
587 325
588 353
588 702
588 349
588 349
588 349
588 349
588 351
588 349
588 349
588 349
588 349
588 349
588 349
588 349
588 349
588 325
589 322
590 316
590 702
590 325
591 122
592 350
592 702
592 349
592 349
592 349
592 349
592 351
592 349
592 349
592 349
592 349
592 349
592 349
592 349
592 349
592 325
593 371
593 702
593 371
593 371
593 371
593 371
593 371
593 371
593 371
593 372
593 371
593 371
593 371
593 371
593 371
593 371
593 371
593 371
593 371
593 371
593 371
593 372
593 371
593 371
593 371
593 372
593 371
593 372
593 371
593 371
593 371
593 371
593 371
593 371
593 371
593 349
593 349
593 349
593 349
593 351
593 349
593 349
593 349
593 349
593 349
593 349
593 349
593 349
593 325
594 576
594 576
594 576
594 576
594 576
594 576
594 576
594 576
594 576
594 576
594 576
594 576
594 576
594 44
594 576
594 576
594 576
594 325
595 576
595 576
595 576
595 576
595 576
595 576
595 576
595 576
595 576
595 576
595 576
595 576
595 576
595 44
595 576
595 576
595 576
595 325
599 519
599 519
599 553
600 613
600 613
600 613
600 65
600 349
600 349
600 613
601 613
601 349
602 613
602 349
603 613
603 349
604 702
605 702
607 171
609 121
611 702
613 349
614 325
614 702
614 703
614 325
614 325
614 325
614 325
614 325
614 325
614 703
614 325
614 326
614 325
614 325
614 325
614 325
614 325
614 325
614 325
614 325
614 325
614 325
614 325
614 325
614 325
614 325
615 703
616 332
616 316
616 349
616 349
616 332
616 333
616 332
616 332
616 332
616 332
616 332
616 332
617 316
617 702
617 325
618 349
618 702
618 349
618 349
618 349
618 349
618 351
618 349
618 349
618 349
618 349
618 349
618 349
618 349
618 349
618 325
619 621
622 621
622 621
622 621
622 621
622 621
622 621
622 621
622 621
623 621
623 621
623 621
623 621
623 621
623 621
623 621
623 621
624 621
624 621
624 621
624 621
624 621
624 621
624 621
624 621
625 621
625 621
625 621
625 621
625 621
625 621
625 621
625 621
626 621
626 621
626 621
626 621
626 621
626 621
626 621
626 621
627 599
627 519
627 553
628 632
628 686
630 656
631 657
632 686
632 686
635 687
636 661
637 506
639 122
640 134
642 65
644 65
645 65
646 122
647 661
648 506
649 661
650 702
651 660
652 506
655 282
656 661
657 506
659 661
662 660
666 676
667 681
668 277
669 282
670 673
671 277
672 676
672 166
672 166
673 679
674 673
675 677
675 441
675 519
675 553
676 679
677 679
677 519
677 519
677 553
678 673
678 553
680 674
681 673
682 677
682 599
682 519
682 553
683 676
684 681
685 682
685 627
685 519
685 553
688 687
688 686
688 686
689 687
690 689
691 686
691 686
692 44
693 174
694 325
694 703
694 325
694 325
694 325
694 325
694 325
694 702
694 325
694 703
694 325
694 326
694 325
694 325
694 325
694 325
694 325
694 325
694 325
694 325
694 325
694 325
694 325
694 325
694 325
694 325
695 121
696 694
696 703
696 325
696 325
696 325
696 325
696 325
696 702
696 325
696 703
696 325
696 326
696 325
696 325
696 325
696 325
696 325
696 325
696 325
696 325
696 325
696 325
696 325
696 325
696 325
696 325
697 628
697 686
698 99
699 163
699 519
699 553
699 519
700 126
701 131
703 702
704 576
704 576
704 576
704 576
704 576
704 576
704 576
704 576
704 576
704 576
704 576
704 576
704 576
704 44
704 576
704 576
704 576
704 325
710 734
710 743
710 734
710 734
710 734
710 734
710 743
710 734
710 734
710 734
710 734
710 709
710 734
710 734
710 734
710 734
710 734
710 734
710 707
710 707
710 708
710 708
711 734
712 709
713 709
714 734
715 734
716 707
717 708
718 734
718 743
718 734
718 734
718 734
718 734
718 743
718 734
718 734
718 734
718 743
718 743
718 734
718 734
718 737
718 734
719 734
720 734
721 743
722 734
726 734
727 734
728 734
730 734
730 743
730 734
730 743
730 709
730 734
730 734
730 743
730 743
730 737
730 743
730 743
731 734
732 743
739 736
745 734
745 734
745 737
746 734
749 750
751 325
786 804
787 81
787 82
787 82
787 82
788 799
788 82
788 82
788 82
793 81
793 82
793 82
793 82
794 799
794 82
794 82
794 82
798 791
798 823
799 81
799 82
799 82
799 82
801 82
801 82
804 823
807 833
808 286
809 285
810 809
810 823
811 285
811 81
811 82
811 82
811 82
812 44
812 823
812 823
812 44
812 823
812 823
812 44
812 835
812 804
812 804
812 823
812 823
812 804
812 44
812 823
812 823
812 823
812 44
812 823
812 823
812 44
813 835
814 44
815 44
816 44
816 823
818 798
820 809
820 823
822 786
824 823
828 833
836 798
